18198991
18315581
18318821
18340903
18346335
18354609
18397201
18404689
18423051
18431747
18433055
18434577
18444283
18451303
18453625
18453631
18463873
18468669
18475373
18480039
18480537
18488125
18490813
18492533
18493167
18498023
18498025
18615843
18616235
18617961
18617993
18618049
18621771
18621777
18621779
18621883
18622237
18622259
18629929
18629951
18629965
18629967
18629969
18629971
18629973
18629975
18633447
18636545
18637131
18640503
18643605
18645697
18646511
18648519
18648677
18648873
18649889
18651191
18651193
18654247
18654261
18667507
18670709
18670797
18676975
18677455
18677457
18677747
18677763
18679287
18679291
18679293
18684697
18693705
18695323
18696887
18698051
18698057
18698059
18699377
18702033
18702035
18702037
18708229
18714567
18723295
18730099
18730773
18730779
18731657
18731735
18731841
18731843
18733399
18734823
18757371
18757373
18757375
18757377
18757379
18788213
18794725
18797479
18799765
18799775
18801213
18805771
18806259
35460615
35460625
35460793
35460835
35520905
51497211
51685031
51686591
51689423
68250891
68268133
68731055
68731069
68814021
69113751
69153305
69187499
102200233
136300661
152749795
404734373
404734435
420562603
420562605
554909289
588739895
907216049
1108749841
1108749845
1108749859
1108749865
1108749867
1108749869
1108749873
1108749877
1108749881
1108749887
1108749889
1108749893
1108749895
1108749901
1108749903
1108749905
1108749909
1108749911
1108749913
1108749917
1108749921
1108749925
1108749927
1108749929
1108749931
1108749935
1108749937
1108749939
1108749941
1108749943
1108749945
1108749947
1108749949
1108749953
1108749955
1108749957
1108749959
1108749965
1108749973
1108749977
1108749979
1108749981
1108749985
1108749989
1108797981
1108798041
1108806909
1108806915
1108806917
1108806923
1108954483
1108978351
1158864465
1158865975
1158865977
1158865979
1158865981
1158865985
1158865987
1158866081
1158866089
1158866093
